37902cfbc8eba8f6e9b02a3f2f0712bb77cc21abae0992d3d883a2b7ea13b41d ./.Xresources 2268 0 1767071466 1767071466 1767071466
cabc74573524bf6bb1ff073cc51536992a1503f413253985078d668d987e2031 ./.alacritty.toml 586 0 1767071466 1767071466 1767071466
702cad95d5965329f734df2222cfd1316c9f7c2288c972a3e52d1323e4660fd6 ./.vimrc 820 0 1767071466 1767071466 1767071466
f23e309590ce226999fe6f128c9e50503b50f2f23ce20c1a3613d0032bf04285 ./6.12-gentoo.config 202956 0 1782835804 1782835804 1782835804
743ee552ec902a27945fa2f931b68a8976ebbdfe8aa6fb7ae91b4e554715f077 ./6.6-gentoo.config 169956 0 1782492579 1782492579 1782492579
a534c8ff80af2c54bfc29920e205ef07b9ca8d06acb222ec23ecdfa7a7847bc1 ./README.md 15938 0 1784447667 1784447667 1784447667
01724bd07acaa924fd4f46de7160fad1a36db72405285b110fa16c59d7059c8f ./daemon/AWK 1775 0 1767071466 1767071466 1767071466
aa3a4810e408191c16832de458d9ad449f6913c4feb971fd4f71e35b108e7991 ./daemon/PERL 3642 0 1767071466 1767071466 1767071466
7db681e7bc733f62f0c460cc521f586e4bf0c8f3689465b539caf40daaed8bad ./daemon/README.md 2514 0 1767071466 1767071466 1767071466
02f8d29e9240c5e9e7a97f1b163f590fa61f9bd7a219c217b29a2ce3aeb8fdf9 ./daemon/SED 545 0 1767071466 1767071466 1767071466
a6410d3e3bfa5514f47cbbcd66700f6cdb80b331abd08cbbfa58fa61dc0ac872 ./daemon/format.pl 840 0 1767071466 1767071466 1767071466
7d01280c13920537fa10050e7296067b63e315f0ef28b97bab5bc8a4669ef21d ./daemon/function.perl.md 4480 0 1767071466 1767071466 1767071466
01f9b93dbbdcd3bcfe755e4e5268b39195f41cf9206e639ae8cf0eaa8205da5c ./daemon/journal.ods 42155 0 1767071466 1767071466 1767071466
a78fa853c35659e7088b560a414ddf20891e3b6fd945046f83f81a35ae3f4d1a ./daemon/journal.xlsx 42241 0 1767071466 1767071466 1767071466
b8a52f94e190ff1489edf78a274ff3113d264b46f58ae70f8e3042110f29cd58 ./daemon/termux.sh 3362 0 1786606978 1786606978 1786606978
c94348c6a67b4cbff5f61eb3f4111e94b40b3e375e0c942fd917c2e1498edc42 ./daemon/uencrypt.pl 1021 0 1767071466 1767071466 1767071466
f1d0f9f3825d656959e9908ab0095b4a0e51ec788f4ab1933f920fbcffdfb6e6 ./hostapd.conf 276 0 1767071466 1767071466 1767071466
f9204c5757b634c241d8c3135ae15edf8d3a4eeb0aefcf56bb9ef9744e3af814 ./i3wm.config 6987 0 1767071466 1767071466 1767071466
5f88044fb5445844eca1320dc63da71659bc0a65a701f1c624fe0e8144b8b294 ./name-0.dic 1728 0 1767071466 1767071466 1767071466
c2b173054b56b9ca2af6c66752e62cb070f18572bbdf99242b551459705bab6a ./o-staname.txt 2320 0 1786607139 1786607140 1786607140
2f90a53d9795c7eb947e5d2c8ad2168b1499a252e94dac2b49d28f5018dfc104 ./omni.sh 386 0 1767071466 1767071466 1767071466
1ccfe8b5c7e1df5bbcce30bc5c48f9cffa3bad16e5879c25103cb415bc27c0a4 ./openplc-gentoo.sh 4422 0 1767071466 1767071466 1767071466
4208c8c9cb889aab586bc5e3d6c7f366b6a92d3173b00ff531b174a3f8dd8b4b ./openssl.md 8385 0 1767071466 1767071466 1767071466
0da8e80c247a1b389450ee4a11664491a03c0313fdb3f152d487d259cd9fe59e ./rules/360T7-v4.2.4.7959.mtd 2147 0 1767071466 1767071466 1767071466
63d90f0b611666e716ae21eb43b77270788b53e9e68947c438f54202f0895bd1 ./rules/999-asu-defaults 15749 0 1785513427 1785513427 1785513427
dd9ff3af2e2bf96238d6f78ef51e9058143eb719b6be52d88a57546325435ce7 ./rules/README.md 2741 0 1767071466 1767071466 1767071466
f7140728419e13b277ba371327ee90841da7decbbf529d8f91260c522f7bc6a1 ./rules/ax6s-ax3200-mi.mtd.py 3836 0 1767071466 1767071466 1767071466
4a240a6bb869b718e370d3891908cc157d83f2a2548e3e7472b5e1e32cd06d52 ./rules/cr660x.mtd 5238 0 1767071466 1767071466 1767071466
aa1e9602cc3e72e2ca554732eed70219040052060282c10a38f744e1b67b6b9f ./rules/iptables.init.0 2268 0 1767071466 1767071466 1767071466
efd0cc378f052c78d9c41bc10b9e02be429f3f5c1046e777e0b36b02047384ba ./rules/redmiax6000-baili.mtd 6648 0 1767071466 1767071466 1767071466
717271d58a1c83897d0e24e732742d24a87c26890d018829c6512f0bce1990a7 ./sshd_config 723 0 1767071466 1767071466 1767071466
31cf4f72cc33184905a42f786cd637d03bd3b170c473957d6a78e704deecce64 ./stat.sh 409 0 1767071466 1767071466 1767071466
b74e7397e3fe5eff9669aa7b8628b7bfe6c7b96f0b8eba6f7188776df8a7ece2 ./vm-openwrt.sh 6608 0 1783087661 1783087661 1783087661
af85e0fbe4f1c7302913b7d00524ca5f542053a24c612e9c2b529e891d98a7c5 ./opkg-distfeeds.conf 765 0 1780366178 1780366178 1780366178
