  File: ./SH/Base6.pl
  Size: 259       	Blocks: 8          IO Block: 4096   regular file
Device: 259,2	Inode: 1161864     Links: 1
Access: (0700/-rwx------)  Uid: (10288/ u0_a288)   Gid: (10288/ u0_a288)
Access: 2023-04-27 16:53:06.590538452 +0800
Modify: 2023-04-27 16:53:06.590538452 +0800
Change: 2023-04-27 16:53:06.590538452 +0800
 Birth: -
