  File: ./SH/Base6.pl
  Size: 259       	Blocks: 8          IO Block: 4096   regular file
Device: 259,2	Inode: 1148850     Links: 1
Access: (0700/-rwx------)  Uid: (10270/ u0_a270)   Gid: (10270/ u0_a270)
Access: 2023-02-19 18:13:58.155436093 +0800
Modify: 2023-02-19 18:13:58.155436093 +0800
Change: 2023-02-19 18:13:58.155436093 +0800
 Birth: -
