  File: ./SH/ConfBashDebRpm.sh
  Size: 8514      	Blocks: 24         IO Block: 4096   regular file
Device: 259,2	Inode: 3196359     Links: 1
Access: (0700/-rwx------)  Uid: (10270/ u0_a270)   Gid: (10270/ u0_a270)
Access: 2023-03-11 12:36:45.559032231 +0800
Modify: 2023-03-11 12:36:45.559032231 +0800
Change: 2023-03-11 12:36:45.559032231 +0800
 Birth: -
