  File: ./SH/ConfTermux.list.sh
  Size: 1823      	Blocks: 8          IO Block: 4096   regular file
Device: 259,2	Inode: 4186863     Links: 1
Access: (0700/-rwx------)  Uid: (10270/ u0_a270)   Gid: (10270/ u0_a270)
Access: 2023-02-18 16:45:31.107646643 +0800
Modify: 2023-02-18 16:45:31.107646643 +0800
Change: 2023-02-18 16:45:31.107646643 +0800
 Birth: -
