  File: ./SH/ConfTermux.list.sh
  Size: 1824      	Blocks: 8          IO Block: 4096   regular file
Device: 259,2	Inode: 169148      Links: 1
Access: (0700/-rwx------)  Uid: (10288/ u0_a288)   Gid: (10288/ u0_a288)
Access: 2023-04-04 18:01:49.070985438 +0800
Modify: 2023-04-04 18:01:49.070985438 +0800
Change: 2023-04-04 18:01:49.080985438 +0800
 Birth: -
