  File: ./SH/D
  Size: 22027     	Blocks: 48         IO Block: 4096   regular file
Device: 259,2	Inode: 3936878     Links: 1
Access: (0600/-rw-------)  Uid: (10288/ u0_a288)   Gid: (10288/ u0_a288)
Access: 2023-04-01 21:23:06.288385886 +0800
Modify: 2023-04-01 21:23:06.288385886 +0800
Change: 2023-04-01 21:23:06.288385886 +0800
 Birth: -
