  File: ./SH/Format_t.pl
  Size: 840       	Blocks: 8          IO Block: 4096   regular file
Device: 259,2	Inode: 3502206     Links: 1
Access: (0700/-rwx------)  Uid: (10270/ u0_a270)   Gid: (10270/ u0_a270)
Access: 2023-02-12 20:12:21.512790685 +0800
Modify: 2023-02-12 20:12:21.512790685 +0800
Change: 2023-02-12 20:12:21.512790685 +0800
 Birth: -
