  File: ./SH/journal.ods
  Size: 42155     	Blocks: 88         IO Block: 4096   regular file
Device: 259,2	Inode: 4157812     Links: 1
Access: (0600/-rw-------)  Uid: (10270/ u0_a270)   Gid: (10270/ u0_a270)
Access: 2023-02-23 18:08:56.587288921 +0800
Modify: 2023-02-23 18:08:56.587288921 +0800
Change: 2023-02-23 18:08:56.587288921 +0800
 Birth: -
