  File: ./SH/journal.ods
  Size: 42155     	Blocks: 88         IO Block: 4096   regular file
Device: 259,3	Inode: 1170073     Links: 1
Access: (0600/-rw-------)  Uid: (10288/ u0_a288)   Gid: (10288/ u0_a288)
Access: 2023-04-27 16:53:06.590538452 +0800
Modify: 2023-04-27 16:53:06.590538452 +0800
Change: 2023-04-27 16:53:06.590538452 +0800
 Birth: -
