  File: ./SH/README.md
  Size: 3372      	Blocks: 8          IO Block: 4096   regular file
Device: 259,2	Inode: 4243517     Links: 1
Access: (0600/-rw-------)  Uid: (10270/ u0_a270)   Gid: (10270/ u0_a270)
Access: 2023-03-18 08:31:08.358007353 +0800
Modify: 2023-03-18 08:31:08.358007353 +0800
Change: 2023-03-18 08:31:08.358007353 +0800
 Birth: -
