  File: ./SH/SED.sed
  Size: 943       	Blocks: 8          IO Block: 4096   regular file
Device: 259,2	Inode: 2097577     Links: 1
Access: (0600/-rw-------)  Uid: (10270/ u0_a270)   Gid: (10270/ u0_a270)
Access: 2023-02-08 22:28:37.221485928 +0800
Modify: 2023-02-08 22:28:37.221485928 +0800
Change: 2023-02-08 22:28:37.221485928 +0800
 Birth: -
