  File: ./SH/Tbase.sh
  Size: 203       	Blocks: 8          IO Block: 4096   regular file
Device: 259,2	Inode: 359685      Links: 1
Access: (0700/-rwx------)  Uid: (10288/ u0_a288)   Gid: (10288/ u0_a288)
Access: 2023-04-08 14:45:15.838247659 +0800
Modify: 2023-04-08 14:45:15.838247659 +0800
Change: 2023-04-08 14:45:15.838247659 +0800
 Birth: -
