  File: ./SH/UEncrypt.pl
  Size: 4480      	Blocks: 16         IO Block: 4096   regular file
Device: 259,2	Inode: 255472      Links: 1
Access: (0700/-rwx------)  Uid: (10288/ u0_a288)   Gid: (10288/ u0_a288)
Access: 2023-04-08 14:45:15.838247659 +0800
Modify: 2023-04-08 14:45:15.838247659 +0800
Change: 2023-04-08 14:45:15.838247659 +0800
 Birth: -
