  File: ./SH/UEncrypt.pl
  Size: 444       	Blocks: 8          IO Block: 4096   regular file
Device: 259,2	Inode: 4262397     Links: 1
Access: (0700/-rwx------)  Uid: (10288/ u0_a288)   Gid: (10288/ u0_a288)
Access: 2023-04-01 22:03:24.448384964 +0800
Modify: 2023-04-01 22:03:24.448384964 +0800
Change: 2023-04-01 22:03:24.458384964 +0800
 Birth: -
