  File: ./SH/UEncrypt.pl
  Size: 1104      	Blocks: 8          IO Block: 4096   regular file
Device: 259,2	Inode: 2932133     Links: 1
Access: (0700/-rwx------)  Uid: (10270/ u0_a270)   Gid: (10270/ u0_a270)
Access: 2023-03-30 20:09:02.852754028 +0800
Modify: 2023-03-30 20:09:02.852754028 +0800
Change: 2023-03-30 20:09:02.852754028 +0800
 Birth: -
