  File: ./.gitlab-ci.yml
  Size: 2107      	Blocks: 8          IO Block: 4096   regular file
Device: 259,2	Inode: 4143991     Links: 1
Access: (0600/-rw-------)  Uid: (10270/ u0_a270)   Gid: (10270/ u0_a270)
Access: 2023-02-10 12:10:28.646552277 +0800
Modify: 2023-02-10 12:10:28.646552277 +0800
Change: 2023-02-10 12:10:28.646552277 +0800
 Birth: -
