  File: ./.gitignore
  Size: 0         	Blocks: 0          IO Block: 4096   regular empty file
Device: 259,2	Inode: 3889651     Links: 1
Access: (0600/-rw-------)  Uid: (10288/ u0_a288)   Gid: (10288/ u0_a288)
Access: 2023-04-01 21:23:06.288385886 +0800
Modify: 2023-04-01 21:23:06.288385886 +0800
Change: 2023-04-01 21:23:06.288385886 +0800
 Birth: -
