  File: ./.gitignore
  Size: 0         	Blocks: 0          IO Block: 4096   regular empty file
Device: 259,2	Inode: 2800107     Links: 1
Access: (0600/-rw-------)  Uid: (10270/ u0_a270)   Gid: (10270/ u0_a270)
Access: 2023-02-09 18:32:14.513736506 +0800
Modify: 2023-02-09 18:32:14.513736506 +0800
Change: 2023-02-09 18:32:14.523736506 +0800
 Birth: -
