  File: ./.gitignore
  Size: 0         	Blocks: 0          IO Block: 4096   regular empty file
Device: 259,2	Inode: 3040907     Links: 1
Access: (0600/-rw-------)  Uid: (10270/ u0_a270)   Gid: (10270/ u0_a270)
Access: 2023-03-28 14:47:42.118855230 +0800
Modify: 2023-03-28 14:47:42.118855230 +0800
Change: 2023-03-28 14:47:42.118855230 +0800
 Birth: -
