  File: ./CHANGELOG
  Size: 438       	Blocks: 8          IO Block: 4096   regular file
Device: 259,2	Inode: 4031550     Links: 1
Access: (0600/-rw-------)  Uid: (10288/ u0_a288)   Gid: (10288/ u0_a288)
Access: 2023-06-02 09:58:42.162463627 +0800
Modify: 2023-07-02 15:11:59.093398576 +0800
Change: 2023-07-02 15:11:59.093398576 +0800
 Birth: -
