  File: ./CHANGELOG
  Size: 473       	Blocks: 8          IO Block: 4096   regular file
Device: 259,2	Inode: 1424820     Links: 1
Access: (0600/-rw-------)  Uid: (10288/ u0_a288)   Gid: (10288/ u0_a288)
Access: 2023-04-02 20:56:01.493514410 +0800
Modify: 2023-04-02 20:56:01.493514410 +0800
Change: 2023-04-02 20:56:01.493514410 +0800
 Birth: -
