  File: ./CHANGELOG
  Size: 478       	Blocks: 8          IO Block: 4096   regular file
Device: 259,2	Inode: 1744099     Links: 1
Access: (0600/-rw-------)  Uid: (10288/ u0_a288)   Gid: (10288/ u0_a288)
Access: 2023-04-04 20:56:21.650981443 +0800
Modify: 2023-04-04 20:56:21.650981443 +0800
Change: 2023-04-04 20:56:21.660981443 +0800
 Birth: -
