  File: ./Generate.stat
  Size: 572       	Blocks: 8          IO Block: 4096   regular file
Device: 259,2	Inode: 538665      Links: 1
Access: (0700/-rwx------)  Uid: (10288/ u0_a288)   Gid: (10288/ u0_a288)
Access: 2023-04-09 20:58:21.035299773 +0800
Modify: 2023-04-09 20:58:21.035299773 +0800
Change: 2023-04-09 20:58:21.035299773 +0800
 Birth: -
