  File: ./Generate.stat
  Size: 572       	Blocks: 8          IO Block: 4096   regular file
Device: 259,3	Inode: 1170045     Links: 1
Access: (0700/-rwx------)  Uid: (10288/ u0_a288)   Gid: (10288/ u0_a288)
Access: 2023-04-27 16:53:06.580538452 +0800
Modify: 2023-04-27 16:53:06.580538452 +0800
Change: 2023-04-27 16:53:06.580538452 +0800
 Birth: -
