  File: ./Init.sh
  Size: 100       	Blocks: 8          IO Block: 4096   regular file
Device: 259,2	Inode: 1358497     Links: 1
Access: (0600/-rw-------)  Uid: (10288/ u0_a288)   Gid: (10288/ u0_a288)
Access: 2023-05-13 10:05:50.610103750 +0800
Modify: 2023-05-13 10:05:50.610103750 +0800
Change: 2023-05-13 10:05:50.610103750 +0800
 Birth: -
