  File: ./LICENSE
  Size: 35064     	Blocks: 72         IO Block: 4096   regular file
Device: 259,2	Inode: 1170046     Links: 1
Access: (0700/-rwx------)  Uid: (10288/ u0_a288)   Gid: (10288/ u0_a288)
Access: 2023-04-27 16:53:06.580538452 +0800
Modify: 2023-04-27 16:53:06.580538452 +0800
Change: 2023-04-27 16:53:06.580538452 +0800
 Birth: -
