  File: ./LICENSE.sh
  Size: 1633      	Blocks: 8          IO Block: 4096   regular file
Device: 259,2	Inode: 870131      Links: 1
Access: (0700/-rwx------)  Uid: (10270/ u0_a270)   Gid: (10270/ u0_a270)
Access: 2023-03-28 14:47:42.118855230 +0800
Modify: 2023-03-28 14:47:42.118855230 +0800
Change: 2023-03-28 14:47:42.118855230 +0800
 Birth: -
