  File: ./LICENSE
  Size: 572       	Blocks: 8          IO Block: 4096   regular file
Device: 259,2	Inode: 4144041     Links: 1
Access: (0700/-rwx------)  Uid: (10270/ u0_a270)   Gid: (10270/ u0_a270)
Access: 2023-02-10 12:10:28.646552277 +0800
Modify: 2023-03-15 19:31:41.058928802 +0800
Change: 2023-03-15 19:31:41.058928802 +0800
 Birth: -
