  File: ./Openwrt.list
  Size: 567168    	Blocks: 1112       IO Block: 4096   regular file
Device: 259,2	Inode: 4175730     Links: 1
Access: (0600/-rw-------)  Uid: (10288/ u0_a288)   Gid: (10288/ u0_a288)
Access: 2023-05-18 17:29:37.906283218 +0800
Modify: 2023-05-18 17:29:37.916283218 +0800
Change: 2023-05-18 17:29:37.916283218 +0800
 Birth: -
