  File: ./OpenSSL.md
  Size: 8280      	Blocks: 24         IO Block: 4096   regular file
Device: 259,2	Inode: 310223      Links: 1
Access: (0600/-rw-------)  Uid: (10288/ u0_a288)   Gid: (10288/ u0_a288)
Access: 2023-04-10 09:38:21.713718746 +0800
Modify: 2023-04-11 12:43:19.330719468 +0800
Change: 2023-04-11 12:43:19.330719468 +0800
 Birth: -
