  File: ./README.md
  Size: 12002     	Blocks: 24         IO Block: 4096   regular file
Device: 259,2	Inode: 685092      Links: 1
Access: (0600/-rw-------)  Uid: (10288/ u0_a288)   Gid: (10288/ u0_a288)
Access: 2023-04-10 22:46:31.251020145 +0800
Modify: 2023-04-11 12:42:54.350719477 +0800
Change: 2023-04-11 12:42:54.350719477 +0800
 Birth: -
