  File: ./README.md
  Size: 11352     	Blocks: 24         IO Block: 4096   regular file
Device: 259,2	Inode: 4094723     Links: 1
Access: (0600/-rw-------)  Uid: (10270/ u0_a270)   Gid: (10270/ u0_a270)
Access: 2023-03-30 20:09:02.852754028 +0800
Modify: 2023-03-30 20:09:02.852754028 +0800
Change: 2023-03-30 20:09:02.852754028 +0800
 Birth: -
