  File: ./README.md
  Size: 22306     	Blocks: 48         IO Block: 4096   regular file
Device: 259,2	Inode: 3167052     Links: 1
Access: (0600/-rw-------)  Uid: (10288/ u0_a288)   Gid: (10288/ u0_a288)
Access: 2023-07-02 15:11:47.033398580 +0800
Modify: 2023-07-02 15:11:47.033398580 +0800
Change: 2023-07-02 15:11:47.033398580 +0800
 Birth: -
