  File: ./README.md
  Size: 11273     	Blocks: 24         IO Block: 4096   regular file
Device: 259,2	Inode: 2445026     Links: 1
Access: (0600/-rw-------)  Uid: (10270/ u0_a270)   Gid: (10270/ u0_a270)
Access: 2023-03-17 23:02:11.641500558 +0800
Modify: 2023-03-17 23:02:11.641500558 +0800
Change: 2023-03-17 23:02:11.651500558 +0800
 Birth: -
