  File: ./README.md
  Size: 23565     	Blocks: 48         IO Block: 4096   regular file
Device: 259,2	Inode: 1326077     Links: 1
Access: (0600/-rw-------)  Uid: (10288/ u0_a288)   Gid: (10288/ u0_a288)
Access: 2023-05-08 19:47:05.439133700 +0800
Modify: 2023-05-08 19:47:05.449133700 +0800
Change: 2023-05-08 19:47:05.449133700 +0800
 Birth: -
