  File: ./README.md
  Size: 22033     	Blocks: 48         IO Block: 4096   regular file
Device: 259,2	Inode: 642377      Links: 1
Access: (0600/-rw-------)  Uid: (10288/ u0_a288)   Gid: (10288/ u0_a288)
Access: 2023-04-24 20:19:48.371995639 +0800
Modify: 2023-04-24 21:24:12.332211871 +0800
Change: 2023-04-24 21:24:12.332211871 +0800
 Birth: -
