  File: ./README.md
  Size: 29904     	Blocks: 64         IO Block: 4096   regular file
Device: 259,2	Inode: 913789      Links: 1
Access: (0600/-rw-------)  Uid: (10288/ u0_a288)   Gid: (10288/ u0_a288)
Access: 2023-05-03 14:12:30.770041289 +0800
Modify: 2023-05-03 16:24:46.033938385 +0800
Change: 2023-05-03 16:24:46.033938385 +0800
 Birth: -
