  File: ./README.md
  Size: 23306     	Blocks: 48         IO Block: 4096   regular file
Device: 259,2	Inode: 3984048     Links: 1
Access: (0600/-rw-------)  Uid: (10288/ u0_a288)   Gid: (10288/ u0_a288)
Access: 2023-05-06 09:18:24.789688083 +0800
Modify: 2023-05-06 09:18:24.789688083 +0800
Change: 2023-05-06 09:18:24.789688083 +0800
 Birth: -
