  File: ./README.md
  Size: 12628     	Blocks: 32         IO Block: 4096   regular file
Device: 259,2	Inode: 805390      Links: 1
Access: (0600/-rw-------)  Uid: (10288/ u0_a288)   Gid: (10288/ u0_a288)
Access: 2023-04-12 20:49:45.027429704 +0800
Modify: 2023-04-13 09:05:58.202038252 +0800
Change: 2023-04-13 09:05:58.202038252 +0800
 Birth: -
