  File: ./README.md
  Size: 11651     	Blocks: 24         IO Block: 4096   regular file
Device: 259,2	Inode: 353059      Links: 1
Access: (0600/-rw-------)  Uid: (10288/ u0_a288)   Gid: (10288/ u0_a288)
Access: 2023-04-07 18:55:28.105060012 +0800
Modify: 2023-04-07 18:55:28.105060012 +0800
Change: 2023-04-07 18:55:28.105060012 +0800
 Birth: -
