  File: ./README.md
  Size: 11365     	Blocks: 24         IO Block: 4096   regular file
Device: 259,2	Inode: 4196788     Links: 1
Access: (0600/-rw-------)  Uid: (10288/ u0_a288)   Gid: (10288/ u0_a288)
Access: 2023-04-01 21:23:28.698385878 +0800
Modify: 2023-04-01 21:23:28.698385878 +0800
Change: 2023-04-01 21:23:28.708385878 +0800
 Birth: -
