  File: ./README.md
  Size: 22722     	Blocks: 48         IO Block: 4096   regular file
Device: 259,3	Inode: 1430332     Links: 1
Access: (0600/-rw-------)  Uid: (10288/ u0_a288)   Gid: (10288/ u0_a288)
Access: 2023-05-10 20:14:21.025793865 +0800
Modify: 2023-05-11 23:20:53.115112952 +0800
Change: 2023-05-11 23:20:53.115112952 +0800
 Birth: -
