  File: ./README.md
  Size: 22430     	Blocks: 48         IO Block: 4096   regular file
Device: 259,2	Inode: 4184670     Links: 1
Access: (0600/-rw-------)  Uid: (10288/ u0_a288)   Gid: (10288/ u0_a288)
Access: 2023-06-15 21:55:38.232265912 +0800
Modify: 2023-06-15 21:55:38.232265912 +0800
Change: 2023-06-15 21:55:38.232265912 +0800
 Birth: -
