  File: ./README.md
  Size: 14199     	Blocks: 32         IO Block: 4096   regular file
Device: 259,2	Inode: 688004      Links: 1
Access: (0600/-rw-------)  Uid: (10288/ u0_a288)   Gid: (10288/ u0_a288)
Access: 2023-04-18 13:37:16.440991627 +0800
Modify: 2023-04-18 13:37:16.440991627 +0800
Change: 2023-04-18 13:37:16.440991627 +0800
 Birth: -
