  File: ./stat-LICENSE
  Size: 96443     	Blocks: 192        IO Block: 4096   regular file
Device: 259,2	Inode: 2073166     Links: 1
Access: (0400/-r--------)  Uid: (10270/ u0_a270)   Gid: (10270/ u0_a270)
Access: 2023-03-30 21:40:27.222751936 +0800
Modify: 2023-03-30 21:40:27.252751936 +0800
Change: 2023-03-30 21:40:27.272751936 +0800
 Birth: -
